4294967279,112
4294967279,111
4294967279,110
4294967279,109
4294967279,108
4294967279,107
4294967279,106
4294967279,105
4294967279,104
4294967279,103
4294967279,102
4294967279,101
4294967279,187
4294967279,545
4294967279,544
4294967278,15
4294967278,14
4294967278,13
4294967278,12
4294967278,11
4294967278,10
4294967278,9
4294967278,8
4294967278,7
4294967278,6
4294967278,5
4294967278,4
4294967279,132
4294967279,131
4294967279,130
4294967279,129
4294967279,128
4294967279,127
4294967279,126
4294967279,125
4294967279,124
4294967279,123
4294967279,122
4294967279,121
4294967279,120
4294967279,119
4294967279,118
4294967279,117
4294967279,116
4294967279,115
4294967279,114
4294967279,113
4294967279,183
4294967278,182
4294967279,308
4294967278,312
4294967279,181
4294967278,180
4294967279,306
4294967278,310
4294967279,179
4294967278,178
4294967279,302
4294967278,176
4294967294,435
4294967294,397
4294967294,412
4294967294,385
4294967294,420
4294967294,183
4294967294,413
4294967294,116
4294967294,111
4294967294,417
4294967279,173
4294967278,175
4294967278,306
4294967279,300
4294967278,173
95,0
95,6
4294967278,170
4294967279,172
4294967279,299
4294967278,303
4294967278,353
95,5
4294967278,302
4294967279,169
4294967279,561
4294967278,300
4294967279,166
4294967278,165
4294967278,164
4294967278,162
95,4
4294967278,163
95,3
95,2
95,1
4294967278,388
4294967279,163
4294967278,40
4294967278,37
4294967278,32
4294967278,31
4294967278,30
4294967278,29
4294967278,26
4294967278,23
4294967278,22
4294967278,21
4294967278,20
4294967278,18
4294967278,17
4294967278,16
4294967278,161
4294967279,161
4294967279,571
4294967278,159
93,4
93,3
93,2
93,1
4294967279,290
4294967278,155
4294967279,152
4294967278,154
4294967278,337
4294967279,321
4294967279,532
92,0
92,6
4294967278,38
4294967278,150
4294967279,531
4294967278,387
4294967278,296
92,5
4294967278,149
4294967279,148
4294967278,148
92,4
4294967279,147
92,3
92,2
92,1
4294967279,287
4294967278,147
4294967279,143
4294967278,334
4294967279,529
4294967278,144
91,0
91,5
4294967278,28
4294967279,142
4294967278,142
4294967279,141
91,4
4294967278,141
91,3
91,2
91,1
4294967279,140
4294967278,140
4294967278,27
4294967278,378
4294967279,138
4294967278,24
4294967278,136
4294967279,272
4294967278,25
4294967279,136
90,5
4294967278,135
4294967279,134
90,4
4294967279,133
90,3
90,2
90,1
4294967279,268
4294967279,271
4294967278,19
4294967278,288
4294967278,284
4294967279,266
4294967278,287
89,5
4294967279,280
4294967278,273
4294967279,277
89,4
4294967278,270
89,3
89,2
89,1
4294967278,271
4294967279,265
4294967278,269
4294967278,268
4294967279,262
88,4
4294967279,261
88,3
88,2
88,1
4294967279,259
4294967279,275
4294967279,541
4294967279,524
4294967278,348
4294967278,41
4294967278,39
4294967279,256
4294967279,255
4294967279,254
87,4
87,3
87,2
87,1
4294967279,253
4294967278,258
4294967278,369
4294967279,521
4294967279,519
4294967278,328
4294967279,252
4294967278,327
4294967279,518
4294967278,326
4294967278,376
4294967278,255
4294967278,36
4294967278,35
4294967278,34
4294967278,33
4294967279,567
4294967278,254
4294967278,324
4294967279,320
4294967278,253
4294967278,250
86,4
4294967278,248
86,3
86,2
86,1
4294967278,246
4294967279,245
4294967278,240
4294967294,396
4294967294,408
4294967294,406
4294967294,398
4294967294,442
4294967294,164
4294967294,390
4294967279,244
4294967278,243
4294967278,241
85,0
85,6
4294967278,239
4294967279,554
4294967279,238
85,5
4294967278,58
4294967278,57
4294967278,56
4294967278,55
4294967278,54
4294967278,53
4294967278,52
4294967278,51
4294967278,50
4294967278,49
4294967278,48
4294967278,47
4294967278,46
4294967278,45
4294967278,44
4294967278,43
4294967278,42
4294967279,77
4294967279,76
4294967279,75
4294967279,71
85,4
85,3
85,2
85,1
4294967279,231
4294967278,230
4294967279,229
4294967294,898
4294967294,391
4294967294,962
4294967294,916
4294967278,224
4294967294,393
4294967278,227
4294967278,225
84,0
84,5
84,4
4294967279,219
84,3
84,2
84,1
4294967279,218
4294967278,218
4294967279,217
4294967278,217
4294967279,216
4294967278,214
4294967279,212
4294967278,386
4294967278,212
83,0
83,5
4294967279,211
4294967278,210
4294967279,210
83,4
4294967278,209
83,3
83,2
83,1
4294967278,375
4294967279,209
4294967278,208
4294967279,208
4294967278,205
4294967279,207
4294967278,361
82,0
82,5
4294967278,204
4294967279,204
82,4
4294967279,203
82,3
82,2
82,1
4294967278,202
4294967279,202
4294967279,201
4294967279,200
4294967278,199
4294967279,199
81,4
4294967278,198
81,3
81,2
81,1
4294967278,316
4294967279,198
4294967278,197
4294967279,539
4294967278,385
4294967278,260
4294967278,373
4294967278,384
4294967279,563
4294967278,358
4294967279,312
4294967278,347
4294967278,315
4294967278,190
4294967279,310
4294967278,314
4294967279,68
4294967279,67
4294967279,62
4294967279,60
4294967279,59
4294967279,58
4294967279,57
4294967279,55
4294967279,53
4294967279,52
4294967279,548
4294967278,343
4294967279,189
4294967279,536
4294967278,186
4294967279,186
4294967278,185
4294967294,10
4294967294,966
4294967294,965
4294967294,964
4294967294,963
4294967294,918
4294967294,917
4294967294,915
4294967294,911
4294967294,910
